"tick","Human Count","Zombie Count"
1.0,199,6
2.0,199,6
3.0,199,6
4.0,198,7
5.0,197,8
6.0,197,8
7.0,197,8
8.0,197,8
9.0,197,8
10.0,197,8
11.0,196,9
12.0,195,10
13.0,195,10
14.0,195,10
15.0,195,10
16.0,195,10
17.0,195,10
18.0,195,10
19.0,194,11
20.0,194,11
21.0,194,11
22.0,194,11
23.0,193,12
24.0,193,12
25.0,193,12
26.0,192,13
27.0,191,14
28.0,191,14
29.0,190,15
30.0,190,15
31.0,190,15
32.0,189,16
33.0,188,17
34.0,188,17
35.0,188,17
36.0,188,17
37.0,187,18
38.0,186,19
39.0,185,20
40.0,184,21
41.0,184,21
42.0,184,21
43.0,183,22
44.0,183,22
45.0,183,22
46.0,181,24
47.0,180,25
48.0,180,25
49.0,179,26
50.0,178,27
51.0,178,27
52.0,177,28
53.0,175,30
54.0,175,30
55.0,174,31
56.0,174,31
57.0,170,35
58.0,169,36
59.0,168,37
60.0,168,37
61.0,167,38
62.0,167,38
63.0,166,39
64.0,165,40
65.0,163,42
66.0,161,44
67.0,161,44
68.0,161,44
69.0,160,45
70.0,159,46
71.0,158,47
72.0,156,49
73.0,154,51
74.0,153,52
75.0,151,54
76.0,149,56
77.0,148,57
78.0,146,59
79.0,144,61
80.0,143,62
81.0,142,63
82.0,141,64
83.0,139,66
84.0,136,69
85.0,136,69
86.0,134,71
87.0,132,73
88.0,129,76
89.0,127,78
90.0,127,78
91.0,126,79
92.0,124,81
93.0,123,82
94.0,120,85
95.0,118,87
96.0,115,90
97.0,112,93
98.0,111,94
99.0,108,97
100.0,106,99
101.0,103,102
102.0,102,103
103.0,101,104
104.0,99,106
105.0,96,109
106.0,92,113
107.0,88,117
108.0,85,120
109.0,81,124
110.0,81,124
111.0,80,125
112.0,80,125
113.0,76,129
114.0,76,129
115.0,76,129
116.0,76,129
117.0,74,131
118.0,70,135
119.0,70,135
120.0,66,139
121.0,65,140
122.0,62,143
123.0,61,144
124.0,59,146
125.0,59,146
126.0,55,150
127.0,54,151
128.0,52,153
129.0,51,154
130.0,49,156
131.0,46,159
132.0,46,159
133.0,46,159
134.0,44,161
135.0,43,162
136.0,42,163
137.0,41,164
138.0,40,165
139.0,40,165
140.0,39,166
141.0,38,167
142.0,35,170
143.0,35,170
144.0,32,173
145.0,30,175
146.0,30,175
147.0,28,177
148.0,26,179
149.0,25,180
150.0,23,182
151.0,21,184
152.0,20,185
153.0,19,186
154.0,18,187
155.0,15,190
156.0,15,190
157.0,13,192
158.0,11,194
159.0,11,194
160.0,11,194
161.0,11,194
162.0,10,195
163.0,10,195
164.0,9,196
165.0,9,196
166.0,8,197
167.0,3,202
168.0,2,203
169.0,1,204
170.0,1,204
171.0,1,204
172.0,1,204
173.0,1,204
174.0,1,204
175.0,1,204
176.0,1,204
177.0,1,204
178.0,1,204
179.0,1,204
180.0,1,204
181.0,1,204
182.0,1,204
183.0,1,204
184.0,1,204
185.0,1,204
186.0,1,204
187.0,1,204
188.0,1,204
189.0,1,204
190.0,1,204
191.0,1,204
192.0,1,204
193.0,1,204
194.0,1,204
195.0,1,204
196.0,1,204
197.0,1,204
198.0,1,204
199.0,1,204
200.0,1,204
201.0,1,204
202.0,1,204
203.0,0,205
204.0,0,205
205.0,0,205
206.0,0,205
207.0,0,205
208.0,0,205
209.0,0,205
210.0,0,205
211.0,0,205
212.0,0,205
213.0,0,205
214.0,0,205
215.0,0,205
216.0,0,205
217.0,0,205
218.0,0,205
219.0,0,205
220.0,0,205
221.0,0,205
222.0,0,205
223.0,0,205
224.0,0,205
225.0,0,205
226.0,0,205
227.0,0,205
228.0,0,205
229.0,0,205
230.0,0,205
231.0,0,205
232.0,0,205
233.0,0,205
234.0,0,205
235.0,0,205
236.0,0,205
237.0,0,205
238.0,0,205
239.0,0,205
240.0,0,205
241.0,0,205
242.0,0,205
243.0,0,205
244.0,0,205
245.0,0,205
246.0,0,205
247.0,0,205
248.0,0,205
249.0,0,205
250.0,0,205
251.0,0,205
252.0,0,205
253.0,0,205
254.0,0,205
255.0,0,205
256.0,0,205
257.0,0,205
258.0,0,205
259.0,0,205
260.0,0,205
261.0,0,205
262.0,0,205
263.0,0,205
264.0,0,205
265.0,0,205
266.0,0,205
267.0,0,205
268.0,0,205
269.0,0,205
270.0,0,205
271.0,0,205
272.0,0,205
273.0,0,205
274.0,0,205
275.0,0,205
276.0,0,205
277.0,0,205
278.0,0,205
279.0,0,205
280.0,0,205
281.0,0,205
282.0,0,205
283.0,0,205
284.0,0,205
285.0,0,205
286.0,0,205
287.0,0,205
288.0,0,205
289.0,0,205
290.0,0,205
291.0,0,205
292.0,0,205
293.0,0,205
294.0,0,205
295.0,0,205
296.0,0,205
297.0,0,205
298.0,0,205
299.0,0,205
300.0,0,205
301.0,0,205
302.0,0,205
303.0,0,205
304.0,0,205
305.0,0,205
306.0,0,205
307.0,0,205
308.0,0,205
309.0,0,205
310.0,0,205
311.0,0,205
312.0,0,205
313.0,0,205
314.0,0,205
315.0,0,205
316.0,0,205
317.0,0,205
318.0,0,205
319.0,0,205
320.0,0,205
321.0,0,205
322.0,0,205
323.0,0,205
324.0,0,205
325.0,0,205
326.0,0,205
327.0,0,205
328.0,0,205
329.0,0,205
330.0,0,205
331.0,0,205
332.0,0,205
333.0,0,205
334.0,0,205
335.0,0,205
336.0,0,205
337.0,0,205
338.0,0,205
339.0,0,205
340.0,0,205
341.0,0,205
342.0,0,205
343.0,0,205
344.0,0,205
345.0,0,205
346.0,0,205
347.0,0,205
348.0,0,205
349.0,0,205
350.0,0,205
351.0,0,205
352.0,0,205
353.0,0,205
354.0,0,205
355.0,0,205
356.0,0,205
357.0,0,205
358.0,0,205
359.0,0,205
360.0,0,205
361.0,0,205
362.0,0,205
363.0,0,205
364.0,0,205
365.0,0,205
366.0,0,205
367.0,0,205
368.0,0,205
369.0,0,205
370.0,0,205
371.0,0,205
372.0,0,205
373.0,0,205
374.0,0,205
375.0,0,205
376.0,0,205
377.0,0,205
378.0,0,205
379.0,0,205
380.0,0,205
381.0,0,205
382.0,0,205
383.0,0,205
384.0,0,205
385.0,0,205
386.0,0,205
387.0,0,205
388.0,0,205
389.0,0,205
390.0,0,205
391.0,0,205
392.0,0,205
393.0,0,205
394.0,0,205
395.0,0,205
396.0,0,205
397.0,0,205
398.0,0,205
399.0,0,205
400.0,0,205
401.0,0,205
402.0,0,205
403.0,0,205
404.0,0,205
405.0,0,205
406.0,0,205
407.0,0,205
408.0,0,205
409.0,0,205
410.0,0,205
411.0,0,205
412.0,0,205
413.0,0,205
414.0,0,205
415.0,0,205
416.0,0,205
417.0,0,205
418.0,0,205
419.0,0,205
420.0,0,205
421.0,0,205
422.0,0,205
423.0,0,205
424.0,0,205
425.0,0,205
426.0,0,205
427.0,0,205
428.0,0,205
429.0,0,205
430.0,0,205
431.0,0,205
432.0,0,205
433.0,0,205
434.0,0,205
435.0,0,205
436.0,0,205
437.0,0,205
438.0,0,205
439.0,0,205
440.0,0,205
441.0,0,205
442.0,0,205
443.0,0,205
444.0,0,205
445.0,0,205
446.0,0,205
447.0,0,205
448.0,0,205
449.0,0,205
450.0,0,205
451.0,0,205
452.0,0,205
453.0,0,205
454.0,0,205
455.0,0,205
456.0,0,205
457.0,0,205
458.0,0,205
459.0,0,205
460.0,0,205
461.0,0,205
462.0,0,205
463.0,0,205
464.0,0,205
465.0,0,205
466.0,0,205
467.0,0,205
468.0,0,205
469.0,0,205
470.0,0,205
471.0,0,205
472.0,0,205
473.0,0,205
474.0,0,205
475.0,0,205
476.0,0,205
477.0,0,205
478.0,0,205
479.0,0,205
480.0,0,205
481.0,0,205
482.0,0,205
483.0,0,205
484.0,0,205
485.0,0,205
486.0,0,205
487.0,0,205
488.0,0,205
489.0,0,205
490.0,0,205
491.0,0,205
492.0,0,205
493.0,0,205
494.0,0,205
495.0,0,205
496.0,0,205
497.0,0,205
498.0,0,205
499.0,0,205
500.0,0,205
501.0,0,205
502.0,0,205
503.0,0,205
504.0,0,205
505.0,0,205
506.0,0,205
507.0,0,205
508.0,0,205
509.0,0,205
510.0,0,205
511.0,0,205
512.0,0,205
513.0,0,205
514.0,0,205
515.0,0,205
516.0,0,205
517.0,0,205
518.0,0,205
519.0,0,205
520.0,0,205
521.0,0,205
522.0,0,205
523.0,0,205
524.0,0,205
525.0,0,205
526.0,0,205
527.0,0,205
528.0,0,205
529.0,0,205
530.0,0,205
531.0,0,205
532.0,0,205
533.0,0,205
534.0,0,205
535.0,0,205
536.0,0,205
537.0,0,205
538.0,0,205
539.0,0,205
540.0,0,205
541.0,0,205
542.0,0,205
543.0,0,205
544.0,0,205
545.0,0,205
546.0,0,205
547.0,0,205
548.0,0,205
549.0,0,205
550.0,0,205
551.0,0,205
552.0,0,205
553.0,0,205
554.0,0,205
555.0,0,205
556.0,0,205
557.0,0,205
558.0,0,205
559.0,0,205
560.0,0,205
561.0,0,205
562.0,0,205
563.0,0,205
564.0,0,205
565.0,0,205
566.0,0,205
567.0,0,205
568.0,0,205
569.0,0,205
570.0,0,205
571.0,0,205
572.0,0,205
573.0,0,205
574.0,0,205
575.0,0,205
576.0,0,205
577.0,0,205
578.0,0,205
579.0,0,205
580.0,0,205
581.0,0,205
582.0,0,205
583.0,0,205
584.0,0,205
585.0,0,205
586.0,0,205
587.0,0,205
588.0,0,205
589.0,0,205
590.0,0,205
591.0,0,205
592.0,0,205
593.0,0,205
594.0,0,205
595.0,0,205
596.0,0,205
597.0,0,205
598.0,0,205
599.0,0,205
600.0,0,205
601.0,0,205
602.0,0,205
603.0,0,205
604.0,0,205
605.0,0,205
606.0,0,205
607.0,0,205
608.0,0,205
609.0,0,205
610.0,0,205
611.0,0,205
612.0,0,205
613.0,0,205
614.0,0,205
615.0,0,205
616.0,0,205
617.0,0,205
618.0,0,205
619.0,0,205
620.0,0,205
621.0,0,205
622.0,0,205
623.0,0,205
624.0,0,205
625.0,0,205
626.0,0,205
627.0,0,205
628.0,0,205
629.0,0,205
630.0,0,205
631.0,0,205
632.0,0,205
633.0,0,205
634.0,0,205
635.0,0,205
636.0,0,205
637.0,0,205
638.0,0,205
639.0,0,205
640.0,0,205
641.0,0,205
642.0,0,205
643.0,0,205
644.0,0,205
645.0,0,205
646.0,0,205
647.0,0,205
648.0,0,205
649.0,0,205
650.0,0,205
651.0,0,205
652.0,0,205
653.0,0,205
654.0,0,205
655.0,0,205
656.0,0,205
657.0,0,205
658.0,0,205
659.0,0,205
660.0,0,205
661.0,0,205
662.0,0,205
663.0,0,205
664.0,0,205
665.0,0,205
666.0,0,205
667.0,0,205
668.0,0,205
669.0,0,205
670.0,0,205
671.0,0,205
672.0,0,205
673.0,0,205
674.0,0,205
675.0,0,205
676.0,0,205
677.0,0,205
678.0,0,205
679.0,0,205
680.0,0,205
681.0,0,205
682.0,0,205
683.0,0,205
684.0,0,205
685.0,0,205
686.0,0,205
687.0,0,205
688.0,0,205
689.0,0,205
690.0,0,205
691.0,0,205
692.0,0,205
693.0,0,205
694.0,0,205
695.0,0,205
696.0,0,205
697.0,0,205
698.0,0,205
699.0,0,205
700.0,0,205
701.0,0,205
702.0,0,205
703.0,0,205
704.0,0,205
705.0,0,205
706.0,0,205
707.0,0,205
708.0,0,205
709.0,0,205
710.0,0,205
711.0,0,205
712.0,0,205
713.0,0,205
714.0,0,205
715.0,0,205
716.0,0,205
717.0,0,205
718.0,0,205
719.0,0,205
720.0,0,205
721.0,0,205
722.0,0,205
723.0,0,205
724.0,0,205
725.0,0,205
726.0,0,205
727.0,0,205
728.0,0,205
729.0,0,205
730.0,0,205
731.0,0,205
732.0,0,205
733.0,0,205
734.0,0,205
735.0,0,205
736.0,0,205
737.0,0,205
738.0,0,205
739.0,0,205
740.0,0,205
741.0,0,205
742.0,0,205
743.0,0,205
744.0,0,205
745.0,0,205
746.0,0,205
747.0,0,205
748.0,0,205
749.0,0,205
750.0,0,205
751.0,0,205
752.0,0,205
753.0,0,205
754.0,0,205
755.0,0,205
756.0,0,205
757.0,0,205
758.0,0,205
759.0,0,205
760.0,0,205
761.0,0,205
762.0,0,205
763.0,0,205
764.0,0,205
765.0,0,205
766.0,0,205
767.0,0,205
768.0,0,205
769.0,0,205
770.0,0,205
771.0,0,205
772.0,0,205
773.0,0,205
774.0,0,205
775.0,0,205
776.0,0,205
777.0,0,205
778.0,0,205
779.0,0,205
780.0,0,205
781.0,0,205
782.0,0,205
783.0,0,205
784.0,0,205
785.0,0,205
786.0,0,205
787.0,0,205
788.0,0,205
789.0,0,205
790.0,0,205
791.0,0,205
792.0,0,205
793.0,0,205
794.0,0,205
795.0,0,205
796.0,0,205
797.0,0,205
798.0,0,205
799.0,0,205
800.0,0,205
801.0,0,205
802.0,0,205
803.0,0,205
804.0,0,205
805.0,0,205
806.0,0,205
807.0,0,205
808.0,0,205
809.0,0,205
810.0,0,205
811.0,0,205
812.0,0,205
813.0,0,205
814.0,0,205
815.0,0,205
816.0,0,205
817.0,0,205
818.0,0,205
819.0,0,205
820.0,0,205
821.0,0,205
822.0,0,205
823.0,0,205
824.0,0,205
825.0,0,205
826.0,0,205
827.0,0,205
828.0,0,205
829.0,0,205
830.0,0,205
831.0,0,205
832.0,0,205
833.0,0,205
834.0,0,205
835.0,0,205
836.0,0,205
837.0,0,205
838.0,0,205
839.0,0,205
840.0,0,205
841.0,0,205
842.0,0,205
843.0,0,205
844.0,0,205
845.0,0,205
846.0,0,205
847.0,0,205
848.0,0,205
849.0,0,205
850.0,0,205
851.0,0,205
852.0,0,205
853.0,0,205
854.0,0,205
855.0,0,205
856.0,0,205
857.0,0,205
858.0,0,205
859.0,0,205
860.0,0,205
861.0,0,205
862.0,0,205
863.0,0,205
864.0,0,205
865.0,0,205
866.0,0,205
867.0,0,205
868.0,0,205
869.0,0,205
870.0,0,205
871.0,0,205
872.0,0,205
873.0,0,205
874.0,0,205
875.0,0,205
876.0,0,205
877.0,0,205
878.0,0,205
879.0,0,205
880.0,0,205
881.0,0,205
882.0,0,205
883.0,0,205
884.0,0,205
885.0,0,205
886.0,0,205
887.0,0,205
888.0,0,205
889.0,0,205
890.0,0,205
891.0,0,205
892.0,0,205
893.0,0,205
894.0,0,205
895.0,0,205
896.0,0,205
897.0,0,205
898.0,0,205
899.0,0,205
900.0,0,205
901.0,0,205
902.0,0,205
903.0,0,205
904.0,0,205
905.0,0,205
906.0,0,205
907.0,0,205
908.0,0,205
909.0,0,205
910.0,0,205
911.0,0,205
912.0,0,205
913.0,0,205
914.0,0,205
915.0,0,205
916.0,0,205
917.0,0,205
918.0,0,205
919.0,0,205
920.0,0,205
921.0,0,205
922.0,0,205
923.0,0,205
924.0,0,205
925.0,0,205
926.0,0,205
927.0,0,205
928.0,0,205
929.0,0,205
930.0,0,205
931.0,0,205
932.0,0,205
933.0,0,205
934.0,0,205
935.0,0,205
936.0,0,205
937.0,0,205
938.0,0,205
939.0,0,205
940.0,0,205
941.0,0,205
942.0,0,205
943.0,0,205
944.0,0,205
945.0,0,205
946.0,0,205
947.0,0,205
948.0,0,205
949.0,0,205
950.0,0,205
951.0,0,205
952.0,0,205
953.0,0,205
954.0,0,205
955.0,0,205
956.0,0,205
957.0,0,205
958.0,0,205
959.0,0,205
960.0,0,205
961.0,0,205
962.0,0,205
963.0,0,205
964.0,0,205
965.0,0,205
966.0,0,205
967.0,0,205
968.0,0,205
969.0,0,205
970.0,0,205
971.0,0,205
972.0,0,205
973.0,0,205
974.0,0,205
975.0,0,205
976.0,0,205
977.0,0,205
978.0,0,205
979.0,0,205
980.0,0,205
981.0,0,205
982.0,0,205
983.0,0,205
984.0,0,205
985.0,0,205
986.0,0,205
987.0,0,205
988.0,0,205
989.0,0,205
990.0,0,205
991.0,0,205
992.0,0,205
993.0,0,205
994.0,0,205
995.0,0,205
996.0,0,205
997.0,0,205
998.0,0,205
999.0,0,205
1000.0,0,205
1001.0,0,205
1002.0,0,205
1003.0,0,205
1004.0,0,205
1005.0,0,205
1006.0,0,205
1007.0,0,205
1008.0,0,205
